2000
5
0,0,0,0,0,0.35899,0
0,0,0,0,1,0.62747,0
0,0,0,0,2,0.45709,0
0,0,0,0,3,0.49720,0
0,0,0,0,4,0.83665,0
0,0,0,1,0,0.10344,0
0,0,0,1,1,0.63986,0
0,0,0,1,2,0.58362,0
0,0,0,1,3,0.15278,0
0,0,0,1,4,0.72452,0
0,0,0,2,0,0.47085,0
0,0,0,2,1,0.84460,0
0,0,0,2,2,0.25710,0
0,0,0,2,3,0.16758,0
0,0,0,2,4,0.04424,0
0,0,0,3,0,0.74400,0
0,0,0,3,1,0.61493,0
0,0,0,3,2,0.36600,0
0,0,0,3,3,0.73392,0
0,0,0,3,4,0.37823,0
0,0,1,0,0,0.88692,0
0,0,1,0,1,0.77610,0
0,0,1,0,2,0.20445,0
0,0,1,0,3,0.60442,0
0,0,1,0,4,0.68214,0
0,0,1,1,0,0.91769,0
0,0,1,1,1,0.43321,0
0,0,1,1,2,0.57171,0
0,0,1,1,3,0.57260,0
0,0,1,1,4,1.74367,2
0,0,1,2,0,0.49865,0
0,0,1,2,1,0.15023,0
0,0,1,2,2,0.63678,0
0,0,1,2,3,0.52805,0
0,0,1,2,4,0.98460,0
0,0,1,3,0,0.32202,17
0,0,1,3,1,-0.10458,6
0,0,1,3,2,1.51338,2
0,0,1,3,3,0.72662,0
0,0,1,3,4,0.09025,0
0,0,2,0,0,0.75892,0
0,0,2,0,1,0.79324,0
0,0,2,0,2,0.28324,0
0,0,2,0,3,0.42001,0
0,0,2,0,4,0.12876,0
0,0,2,1,0,0.96159,0
0,0,2,1,1,0.58754,1
0,0,2,1,2,0.36810,0
0,0,2,1,3,1.00103,6
0,0,2,1,4,0.71763,0
0,0,2,2,0,-0.58404,7
0,0,2,2,1,0.12363,11
0,0,2,2,2,0.14705,1
0,0,2,2,3,0.14943,0
0,0,2,2,4,-0.58337,8
0,0,2,3,0,0.22515,5
0,0,2,3,1,-0.22177,47
0,0,2,3,2,1.15173,4
0,0,2,3,3,1.46267,1
0,0,2,3,4,-0.00690,4
0,0,3,0,0,0.68287,0
0,0,3,0,1,0.15741,0
0,0,3,0,2,0.42224,0
0,0,3,0,3,0.42848,0
0,0,3,0,4,0.09069,0
0,0,3,1,0,0.21478,0
0,0,3,1,1,0.15164,0
0,0,3,1,2,0.84355,0
0,0,3,1,3,0.13241,0
0,0,3,1,4,0.42257,0
0,0,3,2,0,-0.09300,7
0,0,3,2,1,0.10034,6
0,0,3,2,2,-0.44619,14
0,0,3,2,3,0.35176,1
0,0,3,2,4,-0.30393,28
0,0,3,3,0,-0.57061,23
0,0,3,3,1,0.05311,0
0,0,3,3,2,0.69756,4
0,0,3,3,3,1.59077,6
0,0,3,3,4,0.58461,2
0,0,4,0,0,0.42594,0
0,0,4,0,1,0.20601,0
0,0,4,0,2,0.82614,0
0,0,4,0,3,0.96996,0
0,0,4,0,4,0.47986,0
0,0,4,1,0,-0.71582,5
0,0,4,1,1,-0.50967,8
0,0,4,1,2,0.31821,0
0,0,4,1,3,0.57814,0
0,0,4,1,4,-0.89790,4
0,0,4,2,0,0.98083,8
0,0,4,2,1,1.02663,3
0,0,4,2,2,0.47947,11
0,0,4,2,3,0.39822,9
0,0,4,2,4,0.34627,4
0,0,4,3,0,-0.14838,28
0,0,4,3,1,-0.93292,9
0,0,4,3,2,-0.12952,24
0,0,4,3,3,-0.70008,17
0,0,4,3,4,-0.08067,9
0,1,0,0,0,3.97126,15
0,1,0,0,1,3.88507,17
0,1,0,0,2,3.90341,8
0,1,0,0,3,3.91707,11
0,1,0,0,4,3.22068,35
0,1,0,1,0,4.20507,428
0,1,0,1,1,3.06239,112
0,1,0,1,2,3.99804,107
0,1,0,1,3,3.24991,111
0,1,0,1,4,3.99989,310
0,1,0,2,0,-0.11748,244
0,1,0,2,1,3.98735,134
0,1,0,2,2,3.98751,115
0,1,0,2,3,3.88064,121
0,1,0,2,4,2.79641,330
0,1,0,3,0,-1.04393,2102
0,1,0,3,1,-1.29904,143
0,1,0,3,2,0.26660,93
0,1,0,3,3,-0.20642,171
0,1,0,3,4,-1.22524,283
0,1,1,0,0,-0.47034,9
0,1,1,0,1,-0.38104,8
0,1,1,0,2,-0.71280,5
0,1,1,0,3,-0.37374,5
0,1,1,0,4,-0.77068,17
0,1,1,1,0,0.24035,45
0,1,1,1,1,-1.51255,74
0,1,1,1,2,-1.52353,49
0,1,1,1,3,-0.19479,118
0,1,1,1,4,-0.32030,233
0,1,1,2,0,-0.98589,69
0,1,1,2,1,-0.99698,78
0,1,1,2,2,-0.71601,60
0,1,1,2,3,-1.11442,306
0,1,1,2,4,-1.09804,410
0,1,1,3,0,0.00041,109
0,1,1,3,1,-0.03981,278
0,1,1,3,2,0.18967,112
0,1,1,3,3,-0.20658,650
0,1,1,3,4,0.96124,734
0,1,2,0,0,-1.03044,74
0,1,2,0,1,-1.24979,28
0,1,2,0,2,-0.92711,47
0,1,2,0,3,-1.24366,26
0,1,2,0,4,-1.23064,49
0,1,2,1,0,-0.99601,456
0,1,2,1,1,-1.17683,146
0,1,2,1,2,-1.12209,455
0,1,2,1,3,-1.25520,275
0,1,2,1,4,-0.75150,545
0,1,2,2,0,-0.92453,993
0,1,2,2,1,0.17699,312
0,1,2,2,2,-1.06840,811
0,1,2,2,3,-1.37877,416
0,1,2,2,4,-0.87474,1071
0,1,2,3,0,0.93293,2728
0,1,2,3,1,-1.10929,513
0,1,2,3,2,1.68980,1857
0,1,2,3,3,-1.06566,1116
0,1,2,3,4,1.69317,2129
0,1,3,0,0,-1.43076,59
0,1,3,0,1,-0.26074,72
0,1,3,0,2,-1.30662,13
0,1,3,0,3,-1.18645,12
0,1,3,0,4,-1.35903,77
0,1,3,1,0,-0.95064,265
0,1,3,1,1,-0.98799,407
0,1,3,1,2,-1.11064,149
0,1,3,1,3,-1.28185,163
0,1,3,1,4,-1.08155,688
0,1,3,2,0,1.48809,445
0,1,3,2,1,1.04717,867
0,1,3,2,2,-0.06351,407
0,1,3,2,3,0.51767,354
0,1,3,2,4,0.84940,1200
0,1,3,3,0,-1.16816,1111
0,1,3,3,1,-0.15143,1855
0,1,3,3,2,0.01860,538
0,1,3,3,3,-0.79180,533
0,1,3,3,4,-1.26999,1991
0,1,4,0,0,-1.19160,36
0,1,4,0,1,-0.88301,15
0,1,4,0,2,0.26137,31
0,1,4,0,3,-0.14913,16
0,1,4,0,4,-1.22315,53
0,1,4,1,0,-0.84404,538
0,1,4,1,1,-1.36087,391
0,1,4,1,2,-1.36595,428
0,1,4,1,3,-1.36589,406
0,1,4,1,4,-0.87613,1072
0,1,4,2,0,-1.13940,917
0,1,4,2,1,-1.05386,796
0,1,4,2,2,-0.78367,737
0,1,4,2,3,-1.22888,713
0,1,4,2,4,-1.02983,2214
0,1,4,3,0,-0.87568,2073
0,1,4,3,1,-1.14844,1534
0,1,4,3,2,-0.21639,1466
0,1,4,3,3,-1.37202,1499
0,1,4,3,4,-0.18798,3780
0,2,0,0,0,-1.09072,10
0,2,0,0,1,-0.82693,16
0,2,0,0,2,-0.93183,16
0,2,0,0,3,-0.47370,93
0,2,0,0,4,-0.96493,30
0,2,0,1,0,3.98609,40
0,2,0,1,1,3.98986,36
0,2,0,1,2,3.97709,49
0,2,0,1,3,2.30858,484
0,2,0,1,4,3.24477,117
0,2,0,2,0,4.00812,48
0,2,0,2,1,2.87638,28
0,2,0,2,2,4.00325,26
0,2,0,2,3,4.33210,197
0,2,0,2,4,3.77488,114
0,2,0,3,0,3.42321,97
0,2,0,3,1,2.75488,80
0,2,0,3,2,3.99999,56
0,2,0,3,3,2.68915,1321
0,2,0,3,4,4.08553,149
0,2,1,0,0,-0.00326,5
0,2,1,0,1,0.30004,1
0,2,1,0,2,0.46039,6
0,2,1,0,3,0.46159,5
0,2,1,0,4,0.17711,0
0,2,1,1,0,1.82266,26
0,2,1,1,1,0.91293,0
0,2,1,1,2,0.43998,0
0,2,1,1,3,1.11703,34
0,2,1,1,4,0.72394,2
0,2,1,2,0,0.13013,4
0,2,1,2,1,0.59817,3
0,2,1,2,2,0.57791,0
0,2,1,2,3,-0.57101,39
0,2,1,2,4,0.34783,22
0,2,1,3,0,0.98539,38
0,2,1,3,1,0.74784,4
0,2,1,3,2,1.92357,3
0,2,1,3,3,0.04363,65
0,2,1,3,4,1.05907,21
0,2,2,0,0,-0.42998,9
0,2,2,0,1,-0.37089,5
0,2,2,0,2,-0.24991,7
0,2,2,0,3,-0.33933,1
0,2,2,0,4,-0.17003,1
0,2,2,1,0,2.82133,8
0,2,2,1,1,1.56925,8
0,2,2,1,2,3.08863,111
0,2,2,1,3,0.08232,0
0,2,2,1,4,2.79780,27
0,2,2,2,0,-0.47704,14
0,2,2,2,1,0.13176,11
0,2,2,2,2,0.15849,47
0,2,2,2,3,-0.52089,17
0,2,2,2,4,-0.38658,181
0,2,2,3,0,0.53800,42
0,2,2,3,1,0.12523,26
0,2,2,3,2,0.14640,522
0,2,2,3,3,0.15562,33
0,2,2,3,4,0.40220,511
0,2,3,0,0,0.05257,2
0,2,3,0,1,0.13748,3
0,2,3,0,2,0.12543,3
0,2,3,0,3,0.10171,1
0,2,3,0,4,0.13910,5
0,2,3,1,0,-0.53665,11
0,2,3,1,1,-0.60061,19
0,2,3,1,2,-0.59250,15
0,2,3,1,3,-0.69170,16
0,2,3,1,4,-0.65433,34
0,2,3,2,0,1.14132,2
0,2,3,2,1,-0.65550,4
0,2,3,2,2,1.64561,8
0,2,3,2,3,0.71448,14
0,2,3,2,4,0.93003,90
0,2,3,3,0,2.16748,18
0,2,3,3,1,1.37561,63
0,2,3,3,2,0.96862,111
0,2,3,3,3,1.33632,33
0,2,3,3,4,1.37352,359
0,2,4,0,0,0.24442,0
0,2,4,0,1,0.42324,0
0,2,4,0,2,0.46543,0
0,2,4,0,3,0.86783,0
0,2,4,0,4,1.02006,2
0,2,4,1,0,-0.96780,24
0,2,4,1,1,-0.92113,20
0,2,4,1,2,-0.97132,28
0,2,4,1,3,-0.93779,22
0,2,4,1,4,-0.75306,60
0,2,4,2,0,-0.70291,22
0,2,4,2,1,-0.55369,42
0,2,4,2,2,-1.02228,50
0,2,4,2,3,0.31681,45
0,2,4,2,4,-0.76517,72
0,2,4,3,0,-0.16446,84
0,2,4,3,1,-0.72838,68
0,2,4,3,2,-1.18380,66
0,2,4,3,3,-0.64537,57
0,2,4,3,4,-0.49866,203
0,3,0,0,0,0.76557,0
0,3,0,0,1,0.51355,0
0,3,0,0,2,0.02971,0
0,3,0,0,3,0.81750,0
0,3,0,0,4,0.16403,0
0,3,0,1,0,0.16433,0
0,3,0,1,1,0.87262,0
0,3,0,1,2,0.69210,0
0,3,0,1,3,0.95588,10
0,3,0,1,4,-0.00178,3
0,3,0,2,0,0.20465,0
0,3,0,2,1,0.80019,0
0,3,0,2,2,0.22239,0
0,3,0,2,3,2.96793,3
0,3,0,2,4,2.69704,7
0,3,0,3,0,3.99645,21
0,3,0,3,1,3.99293,10
0,3,0,3,2,3.97804,11
0,3,0,3,3,3.93577,48
0,3,0,3,4,3.99769,54
0,3,1,0,0,0.60628,0
0,3,1,0,1,0.99469,0
0,3,1,0,2,0.14657,0
0,3,1,0,3,0.71301,0
0,3,1,0,4,0.65368,0
0,3,1,1,0,0.20565,0
0,3,1,1,1,0.21830,0
0,3,1,1,2,0.66040,0
0,3,1,1,3,0.49572,0
0,3,1,1,4,0.75368,0
0,3,1,2,0,0.67681,0
0,3,1,2,1,0.41218,0
0,3,1,2,2,0.53404,0
0,3,1,2,3,0.15908,0
0,3,1,2,4,0.65542,0
0,3,1,3,0,0.64694,0
0,3,1,3,1,0.24431,0
0,3,1,3,2,0.44059,0
0,3,1,3,3,0.18984,0
0,3,1,3,4,0.29898,0
0,3,2,0,0,0.98817,0
0,3,2,0,1,0.57847,0
0,3,2,0,2,0.51890,0
0,3,2,0,3,0.54262,0
0,3,2,0,4,0.42034,0
0,3,2,1,0,1.38058,6
0,3,2,1,1,0.64475,0
0,3,2,1,2,0.52585,0
0,3,2,1,3,0.75749,0
0,3,2,1,4,0.17428,0
0,3,2,2,0,0.23596,0
0,3,2,2,1,0.80096,0
0,3,2,2,2,0.75412,0
0,3,2,2,3,0.05685,0
0,3,2,2,4,0.55149,0
0,3,2,3,0,0.10782,12
0,3,2,3,1,0.09149,0
0,3,2,3,2,0.26554,0
0,3,2,3,3,0.43948,0
0,3,2,3,4,0.05155,0
0,3,3,0,0,0.02688,0
0,3,3,0,1,0.60716,0
0,3,3,0,2,0.62207,0
0,3,3,0,3,0.54405,0
0,3,3,0,4,0.57362,0
0,3,3,1,0,0.77813,0
0,3,3,1,1,0.41608,0
0,3,3,1,2,0.28166,0
0,3,3,1,3,0.18619,0
0,3,3,1,4,0.84051,0
0,3,3,2,0,0.75869,0
0,3,3,2,1,0.89868,0
0,3,3,2,2,0.91014,0
0,3,3,2,3,0.50929,0
0,3,3,2,4,0.90881,0
0,3,3,3,0,0.90233,0
0,3,3,3,1,0.22326,0
0,3,3,3,2,0.47056,0
0,3,3,3,3,0.47655,0
0,3,3,3,4,0.94671,0
0,3,4,0,0,0.34207,0
0,3,4,0,1,0.97464,0
0,3,4,0,2,0.49697,0
0,3,4,0,3,0.07752,0
0,3,4,0,4,0.59708,0
0,3,4,1,0,0.50425,0
0,3,4,1,1,0.10895,0
0,3,4,1,2,0.53694,0
0,3,4,1,3,0.59037,0
0,3,4,1,4,0.40421,0
0,3,4,2,0,0.02588,0
0,3,4,2,1,0.94554,0
0,3,4,2,2,0.24075,0
0,3,4,2,3,0.97779,0
0,3,4,2,4,0.39233,0
0,3,4,3,0,0.93703,0
0,3,4,3,1,0.49465,0
0,3,4,3,2,0.70388,0
0,3,4,3,3,0.80909,0
0,3,4,3,4,0.61149,0
1,0,0,0,0,0.43496,0
1,0,0,0,1,0.91009,0
1,0,0,0,2,0.27886,0
1,0,0,0,3,0.49421,0
1,0,0,0,4,0.75530,0
1,0,0,1,0,0.44860,0
1,0,0,1,1,1.50383,1
1,0,0,1,2,0.03969,0
1,0,0,1,3,0.08397,0
1,0,0,1,4,0.66489,0
1,0,0,2,0,2.15489,1
1,0,0,2,1,2.98056,6
1,0,0,2,2,0.43950,0
1,0,0,2,3,0.22380,0
1,0,0,2,4,1.71556,1
1,0,0,3,0,0.22493,0
1,0,0,3,1,0.76144,77
1,0,0,3,2,-0.52268,2
1,0,0,3,3,0.24910,0
1,0,0,3,4,0.00789,4
1,0,1,0,0,0.16099,0
1,0,1,0,1,0.88150,0
1,0,1,0,2,0.98712,0
1,0,1,0,3,0.27156,0
1,0,1,0,4,0.48477,0
1,0,1,1,0,-0.82441,11
1,0,1,1,1,-0.92671,39
1,0,1,1,2,-1.18782,88
1,0,1,1,3,0.78442,3
1,0,1,1,4,0.30307,19
1,0,1,2,0,-1.07851,30
1,0,1,2,1,-1.04775,96
1,0,1,2,2,-0.99268,485
1,0,1,2,3,-0.33394,23
1,0,1,2,4,-0.39258,165
1,0,1,3,0,-1.00852,43
1,0,1,3,1,-0.94689,124
1,0,1,3,2,-1.04149,633
1,0,1,3,3,-0.67256,29
1,0,1,3,4,-1.26722,189
1,0,2,0,0,0.86001,0
1,0,2,0,1,0.08816,0
1,0,2,0,2,0.85196,0
1,0,2,0,3,0.03916,0
1,0,2,0,4,0.54680,0
1,0,2,1,0,0.46191,389
1,0,2,1,1,-1.01653,51
1,0,2,1,2,-1.22612,37
1,0,2,1,3,-0.00688,25
1,0,2,1,4,-1.14285,130
1,0,2,2,0,-0.53324,1146
1,0,2,2,1,-0.73241,160
1,0,2,2,2,-0.70085,199
1,0,2,2,3,-0.51180,97
1,0,2,2,4,0.48220,537
1,0,2,3,0,-1.40763,1627
1,0,2,3,1,-0.31350,177
1,0,2,3,2,-1.46016,251
1,0,2,3,3,-0.49472,97
1,0,2,3,4,-0.78080,649
1,0,3,0,0,0.34839,0
1,0,3,0,1,0.87933,0
1,0,3,0,2,0.11123,0
1,0,3,0,3,0.62827,0
1,0,3,0,4,0.64406,0
1,0,3,1,0,-0.84971,49
1,0,3,1,1,-0.79472,117
1,0,3,1,2,-0.88473,35
1,0,3,1,3,-0.60503,39
1,0,3,1,4,-0.76816,117
1,0,3,2,0,0.21981,171
1,0,3,2,1,-0.21841,260
1,0,3,2,2,0.30243,131
1,0,3,2,3,0.05996,123
1,0,3,2,4,0.09478,373
1,0,3,3,0,-1.04300,201
1,0,3,3,1,2.24203,372
1,0,3,3,2,-1.42496,182
1,0,3,3,3,0.53499,150
1,0,3,3,4,-1.28238,502
1,0,4,0,0,0.02515,0
1,0,4,0,1,0.96094,0
1,0,4,0,2,0.77423,0
1,0,4,0,3,0.94234,0
1,0,4,0,4,0.53089,0
1,0,4,1,0,-1.17064,79
1,0,4,1,1,-1.18097,87
1,0,4,1,2,-1.14984,50
1,0,4,1,3,-1.21036,50
1,0,4,1,4,-1.26082,182
1,0,4,2,0,-1.03060,272
1,0,4,2,1,-0.57761,283
1,0,4,2,2,-0.65932,175
1,0,4,2,3,-0.64220,191
1,0,4,2,4,-0.88448,633
1,0,4,3,0,-1.23622,368
1,0,4,3,1,-0.57220,458
1,0,4,3,2,-1.12460,309
1,0,4,3,3,-0.58845,280
1,0,4,3,4,-1.15304,942
1,1,0,0,0,1.28478,15
1,1,0,0,1,1.05247,17
1,1,0,0,2,1.07306,2
1,1,0,0,3,1.91090,15
1,1,0,0,4,2.00029,55
1,1,0,1,0,1.24121,278
1,1,0,1,1,1.24263,1851
1,1,0,1,2,3.82193,26
1,1,0,1,3,2.36947,249
1,1,0,1,4,1.87732,192
1,1,0,2,0,3.13082,665
1,1,0,2,1,3.95047,8638
1,1,0,2,2,2.01678,84
1,1,0,2,3,3.99142,173
1,1,0,2,4,4.46285,491
1,1,0,3,0,-0.46870,1122
1,1,0,3,1,1.84077,13418
1,1,0,3,2,1.30392,99
1,1,0,3,3,0.95964,99
1,1,0,3,4,2.60207,779
1,1,1,0,0,-1.21303,87
1,1,1,0,1,1.03865,61
1,1,1,0,2,-1.21484,45
1,1,1,0,3,-1.33301,53
1,1,1,0,4,-1.31911,218
1,1,1,1,0,0.74185,1142
1,1,1,1,1,1.94596,2003
1,1,1,1,2,1.34384,327
1,1,1,1,3,-0.20147,908
1,1,1,1,4,0.83595,3070
1,1,1,2,0,-0.07753,2715
1,1,1,2,1,0.17822,6325
1,1,1,2,2,-1.01359,941
1,1,1,2,3,0.64617,1863
1,1,1,2,4,-1.19697,6950
1,1,1,3,0,0.62048,6207
1,1,1,3,1,-0.19882,11269
1,1,1,3,2,-0.56067,1317
1,1,1,3,3,-0.89362,4061
1,1,1,3,4,0.57901,12034
1,1,2,0,0,-1.38147,194
1,1,2,0,1,-1.44094,110
1,1,2,0,2,-1.06872,442
1,1,2,0,3,-1.34979,176
1,1,2,0,4,-0.65748,768
1,1,2,1,0,-0.93906,3059
1,1,2,1,1,0.87777,2299
1,1,2,1,2,0.76742,6597
1,1,2,1,3,0.24109,1194
1,1,2,1,4,1.65647,7945
1,1,2,2,0,0.15234,7950
1,1,2,2,1,0.93115,5449
1,1,2,2,2,-0.35644,14375
1,1,2,2,3,-0.36058,3202
1,1,2,2,4,0.97136,16407
1,1,2,3,0,-0.08175,15639
1,1,2,3,1,-0.25344,8308
1,1,2,3,2,-0.25757,29092
1,1,2,3,3,1.67622,5179
1,1,2,3,4,-0.59516,28750
1,1,3,0,0,-1.26301,121
1,1,3,0,1,-1.23709,135
1,1,3,0,2,-0.48168,254
1,1,3,0,3,-1.20412,153
1,1,3,0,4,0.01907,653
1,1,3,1,0,-1.15258,2147
1,1,3,1,1,-1.04083,1783
1,1,3,1,2,-1.06937,3060
1,1,3,1,3,-1.14112,2087
1,1,3,1,4,-1.08653,7011
1,1,3,2,0,0.10837,4163
1,1,3,2,1,0.56859,3578
1,1,3,2,2,-0.75657,5439
1,1,3,2,3,0.08647,4043
1,1,3,2,4,0.28095,13266
1,1,3,3,0,-1.05803,6757
1,1,3,3,1,1.87060,6209
1,1,3,3,2,2.82747,10916
1,1,3,3,3,-1.06598,6536
1,1,3,3,4,2.69943,20752
1,1,4,0,0,-0.56808,218
1,1,4,0,1,-0.74300,323
1,1,4,0,2,-0.46044,302
1,1,4,0,3,-1.09007,220
1,1,4,0,4,-0.57358,1293
1,1,4,1,0,-1.45748,2947
1,1,4,1,1,-1.36304,3709
1,1,4,1,2,-1.31989,3599
1,1,4,1,3,-1.31336,2818
1,1,4,1,4,-1.06048,12490
1,1,4,2,0,-0.11115,5642
1,1,4,2,1,-1.17684,6289
1,1,4,2,2,-1.23579,6150
1,1,4,2,3,-1.06110,5466
1,1,4,2,4,-1.05369,23559
1,1,4,3,0,1.74600,11094
1,1,4,3,1,-1.23886,12589
1,1,4,3,2,-1.35061,12570
1,1,4,3,3,-1.16001,10360
1,1,4,3,4,0.92895,42880
1,2,0,0,0,0.01055,24
1,2,0,0,1,-0.07916,3
1,2,0,0,2,0.05271,0
1,2,0,0,3,0.07479,0
1,2,0,0,4,2.06602,2
1,2,0,1,0,0.69939,136
1,2,0,1,1,3.93976,12
1,2,0,1,2,3.71317,6
1,2,0,1,3,3.23637,13
1,2,0,1,4,3.83000,123
1,2,0,2,0,1.20651,339
1,2,0,2,1,3.24009,21
1,2,0,2,2,0.95414,39
1,2,0,2,3,3.65526,18
1,2,0,2,4,3.68397,179
1,2,0,3,0,1.04607,858
1,2,0,3,1,2.47800,89
1,2,0,3,2,3.62592,49
1,2,0,3,3,1.20487,30
1,2,0,3,4,3.10850,659
1,2,1,0,0,1.86401,11
1,2,1,0,1,0.20197,6
1,2,1,0,2,0.08283,0
1,2,1,0,3,0.21249,8
1,2,1,0,4,0.20906,0
1,2,1,1,0,2.08551,502
1,2,1,1,1,2.51835,83
1,2,1,1,2,3.03148,32
1,2,1,1,3,1.19539,694
1,2,1,1,4,2.14328,132
1,2,1,2,0,1.16046,1019
1,2,1,2,1,0.51156,232
1,2,1,2,2,-0.04514,24
1,2,1,2,3,-0.27904,604
1,2,1,2,4,-0.28119,244
1,2,1,3,0,-0.22369,2935
1,2,1,3,1,1.38218,528
1,2,1,3,2,2.15571,99
1,2,1,3,3,1.36685,2746
1,2,1,3,4,1.40585,505
1,2,2,0,0,-0.31982,6
1,2,2,0,1,-0.48024,14
1,2,2,0,2,-0.36573,32
1,2,2,0,3,-0.32125,73
1,2,2,0,4,0.58358,52
1,2,2,1,0,0.24572,437
1,2,2,1,1,0.27426,630
1,2,2,1,2,-0.18868,470
1,2,2,1,3,-0.36161,471
1,2,2,1,4,-0.60534,675
1,2,2,2,0,1.13210,989
1,2,2,2,1,-0.42176,1414
1,2,2,2,2,-0.14470,953
1,2,2,2,3,0.70081,522
1,2,2,2,4,2.36130,2048
1,2,2,3,0,2.50312,1876
1,2,2,3,1,0.74496,2787
1,2,2,3,2,0.87985,2603
1,2,2,3,3,2.81914,2470
1,2,2,3,4,2.27712,5720
1,2,3,0,0,-0.81980,17
1,2,3,0,1,-0.53921,10
1,2,3,0,2,-0.25731,4
1,2,3,0,3,-0.35656,19
1,2,3,0,4,-0.20149,7
1,2,3,1,0,-0.85382,310
1,2,3,1,1,-1.05281,89
1,2,3,1,2,-1.05464,304
1,2,3,1,3,-1.06143,163
1,2,3,1,4,-1.08026,513
1,2,3,2,0,1.26092,771
1,2,3,2,1,-0.02122,337
1,2,3,2,2,0.55624,429
1,2,3,2,3,-0.97895,367
1,2,3,2,4,0.28259,1053
1,2,3,3,0,0.50430,1517
1,2,3,3,1,2.92121,582
1,2,3,3,2,3.99999,1073
1,2,3,3,3,2.77904,831
1,2,3,3,4,3.99971,2497
1,2,4,0,0,-0.74387,13
1,2,4,0,1,0.55183,12
1,2,4,0,2,1.16933,17
1,2,4,0,3,0.54378,6
1,2,4,0,4,0.82422,20
1,2,4,1,0,-1.11331,174
1,2,4,1,1,-1.02437,118
1,2,4,1,2,-1.03423,150
1,2,4,1,3,-1.02520,138
1,2,4,1,4,-1.02376,638
1,2,4,2,0,-0.67169,416
1,2,4,2,1,0.58437,387
1,2,4,2,2,-0.72021,297
1,2,4,2,3,-0.90591,350
1,2,4,2,4,2.33181,1472
1,2,4,3,0,0.65648,1019
1,2,4,3,1,0.11099,730
1,2,4,3,2,-0.64050,799
1,2,4,3,3,-0.73036,898
1,2,4,3,4,-0.75227,2928
1,3,0,0,0,0.12097,0
1,3,0,0,1,1.49909,6
1,3,0,0,2,0.49347,1
1,3,0,0,3,0.19889,0
1,3,0,0,4,0.28408,8
1,3,0,1,0,0.60515,0
1,3,0,1,1,2.33295,114
1,3,0,1,2,0.83140,0
1,3,0,1,3,0.92174,2
1,3,0,1,4,4.30832,64
1,3,0,2,0,0.23875,5
1,3,0,2,1,1.91290,15
1,3,0,2,2,0.95282,2
1,3,0,2,3,0.70313,5
1,3,0,2,4,3.65795,31
1,3,0,3,0,0.82578,0
1,3,0,3,1,3.17342,166
1,3,0,3,2,0.17020,0
1,3,0,3,3,0.53601,1
1,3,0,3,4,4.37836,424
1,3,1,0,0,0.08584,0
1,3,1,0,1,0.81559,0
1,3,1,0,2,0.74412,0
1,3,1,0,3,0.31465,0
1,3,1,0,4,0.73286,0
1,3,1,1,0,0.32867,0
1,3,1,1,1,1.86662,15
1,3,1,1,2,0.89883,0
1,3,1,1,3,0.22771,0
1,3,1,1,4,0.67661,0
1,3,1,2,0,0.12324,0
1,3,1,2,1,-0.20514,9
1,3,1,2,2,0.74050,0
1,3,1,2,3,0.94972,0
1,3,1,2,4,0.86040,0
1,3,1,3,0,0.62893,0
1,3,1,3,1,2.47134,61
1,3,1,3,2,0.12682,0
1,3,1,3,3,0.97393,3
1,3,1,3,4,0.05519,0
1,3,2,0,0,0.96534,8
1,3,2,0,1,0.44174,0
1,3,2,0,2,-0.46066,4
1,3,2,0,3,0.62971,0
1,3,2,0,4,0.11171,0
1,3,2,1,0,-0.08855,45
1,3,2,1,1,0.91015,0
1,3,2,1,2,0.21121,69
1,3,2,1,3,0.19039,0
1,3,2,1,4,-0.08660,6
1,3,2,2,0,0.86487,0
1,3,2,2,1,0.82906,0
1,3,2,2,2,0.76539,0
1,3,2,2,3,0.54858,0
1,3,2,2,4,0.60294,0
1,3,2,3,0,3.01716,86
1,3,2,3,1,0.50931,0
1,3,2,3,2,1.87126,56
1,3,2,3,3,0.87533,5
1,3,2,3,4,-0.44554,2
1,3,3,0,0,0.75565,0
1,3,3,0,1,0.99128,0
1,3,3,0,2,0.42660,0
1,3,3,0,3,0.44219,0
1,3,3,0,4,0.94170,0
1,3,3,1,0,0.02449,0
1,3,3,1,1,1.87576,13
1,3,3,1,2,0.77332,0
1,3,3,1,3,0.33395,0
1,3,3,1,4,0.41640,0
1,3,3,2,0,0.29867,0
1,3,3,2,1,1.59416,2
1,3,3,2,2,0.84349,0
1,3,3,2,3,0.58248,0
1,3,3,2,4,0.89585,0
1,3,3,3,0,0.36815,0
1,3,3,3,1,0.09791,27
1,3,3,3,2,-0.66174,20
1,3,3,3,3,0.33677,2
1,3,3,3,4,0.72003,0
1,3,4,0,0,0.86862,0
1,3,4,0,1,0.16414,0
1,3,4,0,2,0.25569,0
1,3,4,0,3,0.09673,0
1,3,4,0,4,0.99858,0
1,3,4,1,0,0.66895,0
1,3,4,1,1,0.24465,0
1,3,4,1,2,0.08647,0
1,3,4,1,3,0.02662,0
1,3,4,1,4,0.68209,0
1,3,4,2,0,0.72241,0
1,3,4,2,1,0.59490,0
1,3,4,2,2,0.95136,0
1,3,4,2,3,0.06881,0
1,3,4,2,4,1.00497,1
1,3,4,3,0,0.04008,0
1,3,4,3,1,0.19152,0
1,3,4,3,2,0.50043,0
1,3,4,3,3,2.02244,1
1,3,4,3,4,1.42835,5
2,0,0,0,0,0.97037,0
2,0,0,0,1,0.78561,0
2,0,0,0,2,0.90060,0
2,0,0,0,3,0.78650,0
2,0,0,0,4,0.97208,0
2,0,0,1,0,0.68587,0
2,0,0,1,1,1.34807,1
2,0,0,1,2,0.51513,0
2,0,0,1,3,0.72673,0
2,0,0,1,4,-0.20431,9
2,0,0,2,0,2.31495,11
2,0,0,2,1,0.42345,10
2,0,0,2,2,1.85744,5
2,0,0,2,3,1.09323,5
2,0,0,2,4,-0.79007,15
2,0,0,3,0,1.01146,9
2,0,0,3,1,0.23199,10
2,0,0,3,2,0.88410,0
2,0,0,3,3,1.89601,3
2,0,0,3,4,1.79294,65
2,0,1,0,0,0.77161,0
2,0,1,0,1,0.94108,0
2,0,1,0,2,0.17387,0
2,0,1,0,3,0.89557,0
2,0,1,0,4,0.80842,0
2,0,1,1,0,-0.38459,23
2,0,1,1,1,-0.28347,243
2,0,1,1,2,-0.32452,11
2,0,1,1,3,0.51826,24
2,0,1,1,4,0.74877,64
2,0,1,2,0,1.06471,73
2,0,1,2,1,1.47539,875
2,0,1,2,2,1.74995,92
2,0,1,2,3,0.80686,66
2,0,1,2,4,1.60547,312
2,0,1,3,0,0.89086,106
2,0,1,3,1,-1.08782,1302
2,0,1,3,2,0.91975,119
2,0,1,3,3,2.32512,74
2,0,1,3,4,2.13027,328
2,0,2,0,0,0.28501,2
2,0,2,0,1,0.20964,0
2,0,2,0,2,0.41877,1
2,0,2,0,3,0.36881,0
2,0,2,0,4,0.49593,0
2,0,2,1,0,-0.54153,117
2,0,2,1,1,-0.54891,65
2,0,2,1,2,0.27243,61
2,0,2,1,3,-0.36673,52
2,0,2,1,4,0.33393,664
2,0,2,2,0,-0.57345,316
2,0,2,2,1,-0.00522,277
2,0,2,2,2,-0.75034,200
2,0,2,2,3,0.37632,173
2,0,2,2,4,0.20159,2344
2,0,2,3,0,0.21579,485
2,0,2,3,1,-0.11525,445
2,0,2,3,2,0.15640,366
2,0,2,3,3,-0.02613,249
2,0,2,3,4,1.10764,3576
2,0,3,0,0,0.67248,0
2,0,3,0,1,0.50948,0
2,0,3,0,2,0.67992,0
2,0,3,0,3,0.23041,0
2,0,3,0,4,0.76435,0
2,0,3,1,0,-0.79896,79
2,0,3,1,1,-0.79920,83
2,0,3,1,2,-0.65689,88
2,0,3,1,3,-0.77304,40
2,0,3,1,4,-0.86994,394
2,0,3,2,0,-0.48030,439
2,0,3,2,1,-0.32421,289
2,0,3,2,2,-0.79730,332
2,0,3,2,3,0.29004,236
2,0,3,2,4,-0.32787,1291
2,0,3,3,0,0.20415,435
2,0,3,3,1,-0.33969,328
2,0,3,3,2,-0.96423,541
2,0,3,3,3,-0.84670,306
2,0,3,3,4,-0.81442,1795
2,0,4,0,0,0.98057,0
2,0,4,0,1,0.71790,0
2,0,4,0,2,0.69042,0
2,0,4,0,3,0.16196,0
2,0,4,0,4,0.62291,0
2,0,4,1,0,-0.93426,141
2,0,4,1,1,-0.94453,182
2,0,4,1,2,-0.71258,105
2,0,4,1,3,-0.94802,81
2,0,4,1,4,-0.67667,513
2,0,4,2,0,-0.24609,562
2,0,4,2,1,-0.68853,661
2,0,4,2,2,-0.10090,513
2,0,4,2,3,-0.57400,534
2,0,4,2,4,-0.58596,1687
2,0,4,3,0,-0.54927,992
2,0,4,3,1,-0.74062,853
2,0,4,3,2,-0.47569,807
2,0,4,3,3,-0.48499,753
2,0,4,3,4,-0.91480,2803
2,1,0,0,0,0.07258,7
2,1,0,0,1,1.86459,6
2,1,0,0,2,0.13855,34
2,1,0,0,3,-0.56967,9
2,1,0,0,4,-0.07428,31
2,1,0,1,0,0.29920,446
2,1,0,1,1,2.22815,1486
2,1,0,1,2,0.93189,523
2,1,0,1,3,0.93203,70
2,1,0,1,4,3.29320,467
2,1,0,2,0,2.76831,3122
2,1,0,2,1,1.41683,7719
2,1,0,2,2,1.64041,2295
2,1,0,2,3,3.74032,440
2,1,0,2,4,0.03205,1327
2,1,0,3,0,2.45832,5006
2,1,0,3,1,3.72485,10842
2,1,0,3,2,-0.21174,4447
2,1,0,3,3,2.31343,532
2,1,0,3,4,3.15661,1934
2,1,1,0,0,-1.06613,122
2,1,1,0,1,-0.47939,150
2,1,1,0,2,-1.14271,166
2,1,1,0,3,-1.08775,91
2,1,1,0,4,0.42048,493
2,1,1,1,0,0.60914,1254
2,1,1,1,1,0.67498,3985
2,1,1,1,2,0.94174,2429
2,1,1,1,3,-1.00926,1817
2,1,1,1,4,1.95627,6878
2,1,1,2,0,1.67291,3921
2,1,1,2,1,1.99064,16978
2,1,1,2,2,0.77691,5784
2,1,1,2,3,1.43375,3684
2,1,1,2,4,0.35691,25580
2,1,1,3,0,2.17294,6571
2,1,1,3,1,2.05355,29878
2,1,1,3,2,3.02973,10783
2,1,1,3,3,3.15874,6690
2,1,1,3,4,3.22604,42893
2,1,2,0,0,-1.14231,368
2,1,2,0,1,-1.14234,378
2,1,2,0,2,-1.18979,709
2,1,2,0,3,-1.14233,282
2,1,2,0,4,0.01798,1341
2,1,2,1,0,-0.21240,5654
2,1,2,1,1,-0.65296,6897
2,1,2,1,2,-0.61979,10130
2,1,2,1,3,-0.94376,3678
2,1,2,1,4,0.53394,17642
2,1,2,2,0,0.25835,12975
2,1,2,2,1,0.88097,24135
2,1,2,2,2,0.67777,23388
2,1,2,2,3,0.81192,7516
2,1,2,2,4,0.26967,42834
2,1,2,3,0,1.12359,24801
2,1,2,3,1,-0.02456,36967
2,1,2,3,2,1.83145,44491
2,1,2,3,3,0.41538,11820
2,1,2,3,4,1.78032,71223
2,1,3,0,0,-1.14549,201
2,1,3,0,1,-1.00455,373
2,1,3,0,2,-1.03421,578
2,1,3,0,3,-1.04291,171
2,1,3,0,4,-0.17586,1247
2,1,3,1,0,-1.13148,3201
2,1,3,1,1,-1.09982,4209
2,1,3,1,2,-1.18549,6653
2,1,3,1,3,-1.18677,2698
2,1,3,1,4,1.82517,15169
2,1,3,2,0,1.37223,7093
2,1,3,2,1,-0.99305,10476
2,1,3,2,2,0.32676,15483
2,1,3,2,3,-0.08921,5469
2,1,3,2,4,-0.00322,34694
2,1,3,3,0,1.25566,10669
2,1,3,3,1,1.09324,16772
2,1,3,3,2,1.79099,26724
2,1,3,3,3,-0.28967,8383
2,1,3,3,4,2.04974,55285
2,1,4,0,0,-1.06308,533
2,1,4,0,1,0.81093,630
2,1,4,0,2,-0.13419,738
2,1,4,0,3,-0.31689,476
2,1,4,0,4,-0.35188,2439
2,1,4,1,0,-1.21942,6296
2,1,4,1,1,-1.20860,7293
2,1,4,1,2,-0.99186,7316
2,1,4,1,3,-0.99313,5697
2,1,4,1,4,-0.99276,28681
2,1,4,2,0,0.78056,13614
2,1,4,2,1,0.20445,14737
2,1,4,2,2,0.63911,14755
2,1,4,2,3,0.12415,12383
2,1,4,2,4,0.22398,57199
2,1,4,3,0,-0.78728,24221
2,1,4,3,1,-0.91640,26823
2,1,4,3,2,1.92062,28866
2,1,4,3,3,-0.91627,22500
2,1,4,3,4,0.37799,99641
2,2,0,0,0,-0.10002,5
2,2,0,0,1,-0.31385,5
2,2,0,0,2,-0.41052,37
2,2,0,0,3,1.26502,19
2,2,0,0,4,0.75774,13
2,2,0,1,0,2.42153,13
2,2,0,1,1,3.80680,7
2,2,0,1,2,0.65409,489
2,2,0,1,3,4.60510,1403
2,2,0,1,4,4.10493,48
2,2,0,2,0,4.29650,36
2,2,0,2,1,4.39537,30
2,2,0,2,2,4.07542,1263
2,2,0,2,3,3.72601,3223
2,2,0,2,4,4.29632,94
2,2,0,3,0,3.48939,68
2,2,0,3,1,3.63169,33
2,2,0,3,2,3.71095,2965
2,2,0,3,3,2.04276,7529
2,2,0,3,4,3.97317,269
2,2,1,0,0,-0.06833,3
2,2,1,0,1,-0.62209,4
2,2,1,0,2,0.01213,65
2,2,1,0,3,0.00645,144
2,2,1,0,4,0.58384,44
2,2,1,1,0,2.02539,17
2,2,1,1,1,1.80178,38
2,2,1,1,2,0.70786,1945
2,2,1,1,3,0.24012,1041
2,2,1,1,4,1.70021,424
2,2,1,2,0,2.26519,104
2,2,1,2,1,1.64530,104
2,2,1,2,2,2.61764,2750
2,2,1,2,3,3.51562,1980
2,2,1,2,4,2.19255,1401
2,2,1,3,0,2.39830,285
2,2,1,3,1,2.79652,298
2,2,1,3,2,2.50641,7151
2,2,1,3,3,2.17052,4211
2,2,1,3,4,2.03205,3520
2,2,2,0,0,-0.73768,43
2,2,2,0,1,-1.05844,65
2,2,2,0,2,-0.72393,322
2,2,2,0,3,-0.70701,37
2,2,2,0,4,-0.69186,57
2,2,2,1,0,1.28071,650
2,2,2,1,1,-0.78637,1715
2,2,2,1,2,-0.96862,8915
2,2,2,1,3,0.26196,310
2,2,2,1,4,1.19738,842
2,2,2,2,0,-0.45417,1402
2,2,2,2,1,0.25450,3206
2,2,2,2,2,-0.63386,13349
2,2,2,2,3,-0.63176,350
2,2,2,2,4,0.52473,1621
2,2,2,3,0,1.35202,3060
2,2,2,3,1,-0.65028,7712
2,2,2,3,2,0.97098,36866
2,2,2,3,3,0.64770,1197
2,2,2,3,4,1.72831,3979
2,2,3,0,0,-0.59915,5
2,2,3,0,1,-0.83031,18
2,2,3,0,2,-0.60576,31
2,2,3,0,3,-0.67780,6
2,2,3,0,4,0.03526,35
2,2,3,1,0,-0.94774,187
2,2,3,1,1,-1.04833,190
2,2,3,1,2,0.05638,1309
2,2,3,1,3,-0.94878,276
2,2,3,1,4,0.20415,1026
2,2,3,2,0,-0.56909,416
2,2,3,2,1,1.58789,559
2,2,3,2,2,2.60739,2132
2,2,3,2,3,-0.91965,428
2,2,3,2,4,0.20290,2495
2,2,3,3,0,-0.25581,921
2,2,3,3,1,0.71386,1274
2,2,3,3,2,1.64223,5946
2,2,3,3,3,0.15798,1460
2,2,3,3,4,0.98245,4866
2,2,4,0,0,0.85485,36
2,2,4,0,1,1.47452,11
2,2,4,0,2,3.66163,52
2,2,4,0,3,1.13533,33
2,2,4,0,4,-0.25250,40
2,2,4,1,0,-1.04669,372
2,2,4,1,1,-0.99098,421
2,2,4,1,2,-1.01581,691
2,2,4,1,3,-1.02499,394
2,2,4,1,4,-1.02604,1437
2,2,4,2,0,2.29963,982
2,2,4,2,1,-0.87854,1116
2,2,4,2,2,0.74246,1380
2,2,4,2,3,0.46863,993
2,2,4,2,4,0.97574,3457
2,2,4,3,0,-0.80360,2116
2,2,4,3,1,-0.77854,2532
2,2,4,3,2,1.37367,4162
2,2,4,3,3,0.90992,2351
2,2,4,3,4,-0.61148,6467
2,3,0,0,0,0.18749,0
2,3,0,0,1,-0.13140,5
2,3,0,0,2,0.13029,1
2,3,0,0,3,0.30135,176
2,3,0,0,4,2.57058,8
2,3,0,1,0,0.21068,0
2,3,0,1,1,0.87488,0
2,3,0,1,2,1.35278,4
2,3,0,1,3,0.28642,1385
2,3,0,1,4,2.11110,36
2,3,0,2,0,0.75280,0
2,3,0,2,1,0.82158,0
2,3,0,2,2,0.69080,0
2,3,0,2,3,1.50774,349
2,3,0,2,4,2.11618,179
2,3,0,3,0,0.90163,0
2,3,0,3,1,0.64323,0
2,3,0,3,2,0.90135,0
2,3,0,3,3,1.60743,1755
2,3,0,3,4,1.60392,798
2,3,1,0,0,2.55000,5
2,3,1,0,1,0.04651,0
2,3,1,0,2,0.00303,0
2,3,1,0,3,0.40108,0
2,3,1,0,4,0.12922,0
2,3,1,1,0,1.93654,289
2,3,1,1,1,0.06477,0
2,3,1,1,2,2.09907,4
2,3,1,1,3,0.42022,0
2,3,1,1,4,0.45328,0
2,3,1,2,0,0.44839,37
2,3,1,2,1,0.29015,0
2,3,1,2,2,-0.22900,2
2,3,1,2,3,0.20217,0
2,3,1,2,4,0.80098,0
2,3,1,3,0,1.56672,236
2,3,1,3,1,0.56133,0
2,3,1,3,2,0.45349,2
2,3,1,3,3,0.31999,0
2,3,1,3,4,0.65658,0
2,3,2,0,0,0.06099,0
2,3,2,0,1,0.31949,22
2,3,2,0,2,0.01070,0
2,3,2,0,3,0.18208,0
2,3,2,0,4,0.69481,0
2,3,2,1,0,0.98457,0
2,3,2,1,1,1.16089,1282
2,3,2,1,2,1.29512,2
2,3,2,1,3,1.13097,2
2,3,2,1,4,-0.13723,11
2,3,2,2,0,0.28309,0
2,3,2,2,1,3.72148,22
2,3,2,2,2,0.33362,0
2,3,2,2,3,0.49237,0
2,3,2,2,4,0.83236,4
2,3,2,3,0,3.18946,3
2,3,2,3,1,2.83766,1382
2,3,2,3,2,1.49117,8
2,3,2,3,3,1.93501,4
2,3,2,3,4,1.65902,68
2,3,3,0,0,0.41436,0
2,3,3,0,1,1.49445,5
2,3,3,0,2,0.54792,0
2,3,3,0,3,0.25906,5
2,3,3,0,4,0.10938,0
2,3,3,1,0,1.29599,17
2,3,3,1,1,-0.65807,75
2,3,3,1,2,-0.60776,7
2,3,3,1,3,-0.68722,81
2,3,3,1,4,-0.70376,18
2,3,3,2,0,0.38402,0
2,3,3,2,1,0.15094,0
2,3,3,2,2,0.87136,0
2,3,3,2,3,0.83059,0
2,3,3,2,4,0.09263,0
2,3,3,3,0,0.16842,0
2,3,3,3,1,0.84821,59
2,3,3,3,2,1.19663,6
2,3,3,3,3,1.06645,93
2,3,3,3,4,0.95814,5
2,3,4,0,0,0.95099,0
2,3,4,0,1,0.75605,0
2,3,4,0,2,0.62009,0
2,3,4,0,3,0.98864,2
2,3,4,0,4,0.41023,0
2,3,4,1,0,-0.72377,6
2,3,4,1,1,-0.72626,9
2,3,4,1,2,-0.76261,10
2,3,4,1,3,-0.69391,81
2,3,4,1,4,-0.76763,9
2,3,4,2,0,0.87516,0
2,3,4,2,1,0.31151,0
2,3,4,2,2,0.76003,0
2,3,4,2,3,0.18201,0
2,3,4,2,4,0.52257,0
2,3,4,3,0,0.21511,14
2,3,4,3,1,0.71880,0
2,3,4,3,2,2.74820,16
2,3,4,3,3,1.95615,88
2,3,4,3,4,3.05292,21
3,0,0,0,0,0.62781,0
3,0,0,0,1,0.43857,0
3,0,0,0,2,0.17714,0
3,0,0,0,3,0.00924,0
3,0,0,0,4,0.95693,0
3,0,0,1,0,0.94408,0
3,0,0,1,1,0.81572,0
3,0,0,1,2,0.77068,0
3,0,0,1,3,0.58628,0
3,0,0,1,4,0.90789,3
3,0,0,2,0,0.01289,0
3,0,0,2,1,0.31958,0
3,0,0,2,2,0.66981,0
3,0,0,2,3,0.52126,0
3,0,0,2,4,-0.38039,9
3,0,0,3,0,0.20668,0
3,0,0,3,1,-0.24293,8
3,0,0,3,2,0.70936,2
3,0,0,3,3,3.52492,4
3,0,0,3,4,1.60100,19
3,0,1,0,0,0.13234,0
3,0,1,0,1,0.34357,0
3,0,1,0,2,0.65728,0
3,0,1,0,3,0.56006,0
3,0,1,0,4,0.05227,0
3,0,1,1,0,0.14082,24
3,0,1,1,1,0.51081,22
3,0,1,1,2,-0.16427,78
3,0,1,1,3,0.53440,4
3,0,1,1,4,1.55324,34
3,0,1,2,0,0.76292,68
3,0,1,2,1,1.12960,75
3,0,1,2,2,-0.84991,440
3,0,1,2,3,0.01950,55
3,0,1,2,4,2.98016,168
3,0,1,3,0,0.75111,130
3,0,1,3,1,2.25916,111
3,0,1,3,2,0.04863,556
3,0,1,3,3,0.50189,58
3,0,1,3,4,1.61318,231
3,0,2,0,0,0.84180,0
3,0,2,0,1,0.20542,0
3,0,2,0,2,0.65969,0
3,0,2,0,3,0.78207,0
3,0,2,0,4,0.82771,0
3,0,2,1,0,-0.53810,426
3,0,2,1,1,-0.19764,39
3,0,2,1,2,0.00998,37
3,0,2,1,3,-0.24072,50
3,0,2,1,4,0.38658,121
3,0,2,2,0,-0.13875,2148
3,0,2,2,1,0.45058,227
3,0,2,2,2,0.13822,177
3,0,2,2,3,-0.09271,166
3,0,2,2,4,0.95023,517
3,0,2,3,0,0.68539,3478
3,0,2,3,1,-0.51300,250
3,0,2,3,2,0.24405,219
3,0,2,3,3,0.42337,228
3,0,2,3,4,0.63964,723
3,0,3,0,0,0.67744,0
3,0,3,0,1,0.39095,0
3,0,3,0,2,0.09360,0
3,0,3,0,3,0.87030,0
3,0,3,0,4,0.13347,0
3,0,3,1,0,-0.70699,88
3,0,3,1,1,-0.83397,71
3,0,3,1,2,-0.76892,96
3,0,3,1,3,-0.75326,233
3,0,3,1,4,-0.19931,235
3,0,3,2,0,-0.90602,327
3,0,3,2,1,-0.79234,343
3,0,3,2,2,-0.84372,531
3,0,3,2,3,-0.20678,1267
3,0,3,2,4,0.03088,715
3,0,3,3,0,0.26816,499
3,0,3,3,1,-0.83293,383
3,0,3,3,2,-0.96572,652
3,0,3,3,3,-0.93444,1900
3,0,3,3,4,-0.33984,1258
3,0,4,0,0,0.14550,0
3,0,4,0,1,0.32564,0
3,0,4,0,2,0.96427,0
3,0,4,0,3,0.80473,0
3,0,4,0,4,0.75288,0
3,0,4,1,0,-0.74518,155
3,0,4,1,1,-0.71016,140
3,0,4,1,2,-0.74083,171
3,0,4,1,3,-0.79974,90
3,0,4,1,4,-0.76413,497
3,0,4,2,0,-0.64373,729
3,0,4,2,1,-0.80736,659
3,0,4,2,2,0.13427,618
3,0,4,2,3,0.59234,697
3,0,4,2,4,1.03510,2136
3,0,4,3,0,-0.75542,925
3,0,4,3,1,-0.22939,990
3,0,4,3,2,-0.47653,966
3,0,4,3,3,-0.77166,794
3,0,4,3,4,-0.60706,2884
3,1,0,0,0,-0.27359,1
3,1,0,0,1,0.34033,0
3,1,0,0,2,0.00711,3
3,1,0,0,3,0.34198,2
3,1,0,0,4,0.19410,6
3,1,0,1,0,1.94910,71
3,1,0,1,1,1.58799,58
3,1,0,1,2,2.68615,37
3,1,0,1,3,2.47776,56
3,1,0,1,4,2.88458,438
3,1,0,2,0,4.44481,159
3,1,0,2,1,4.25844,86
3,1,0,2,2,1.27707,56
3,1,0,2,3,4.15079,236
3,1,0,2,4,3.09642,1362
3,1,0,3,0,3.30790,274
3,1,0,3,1,2.71172,157
3,1,0,3,2,2.92689,117
3,1,0,3,3,1.82285,622
3,1,0,3,4,3.28330,2931
3,1,1,0,0,-0.69794,30
3,1,1,0,1,-0.58224,47
3,1,1,0,2,-0.62272,35
3,1,1,0,3,-0.28664,67
3,1,1,0,4,0.68844,322
3,1,1,1,0,1.96974,502
3,1,1,1,1,2.66211,2665
3,1,1,1,2,1.49494,398
3,1,1,1,3,2.18368,807
3,1,1,1,4,2.07521,5625
3,1,1,2,0,2.88672,1159
3,1,1,2,1,0.12296,8616
3,1,1,2,2,2.56743,1195
3,1,1,2,3,2.98840,2053
3,1,1,2,4,3.17655,20401
3,1,1,3,0,-0.89443,1419
3,1,1,3,1,-0.19501,14190
3,1,1,3,2,-0.86575,1416
3,1,1,3,3,0.34728,2817
3,1,1,3,4,0.68901,33034
3,1,2,0,0,1.07484,341
3,1,2,0,1,-1.03299,208
3,1,2,0,2,-0.95427,500
3,1,2,0,3,-0.97700,125
3,1,2,0,4,-0.45934,1015
3,1,2,1,0,0.22801,6934
3,1,2,1,1,1.42600,5339
3,1,2,1,2,1.10408,6131
3,1,2,1,3,0.47239,2344
3,1,2,1,4,0.65588,14672
3,1,2,2,0,0.57286,23458
3,1,2,2,1,-0.73191,24559
3,1,2,2,2,-0.67548,16026
3,1,2,2,3,-0.48256,6880
3,1,2,2,4,0.49095,70835
3,1,2,3,0,0.65667,43448
3,1,2,3,1,0.32758,36185
3,1,2,3,2,0.62532,30088
3,1,2,3,3,0.37251,9067
3,1,2,3,4,1.46498,117253
3,1,3,0,0,-0.90806,155
3,1,3,0,1,-0.98497,197
3,1,3,0,2,-0.96752,415
3,1,3,0,3,-0.89384,385
3,1,3,0,4,-0.66292,1223
3,1,3,1,0,-1.06425,2443
3,1,3,1,1,0.18035,3512
3,1,3,1,2,-0.99517,5603
3,1,3,1,3,-0.99436,3198
3,1,3,1,4,-0.82463,13892
3,1,3,2,0,-0.66744,6132
3,1,3,2,1,0.41284,10265
3,1,3,2,2,-0.78546,19079
3,1,3,2,3,-0.17859,10351
3,1,3,2,4,-0.17048,42695
3,1,3,3,0,0.26714,9230
3,1,3,3,1,-0.50995,15773
3,1,3,3,2,-0.63861,33080
3,1,3,3,3,0.20653,16696
3,1,3,3,4,0.84493,65882
3,1,4,0,0,-0.93595,396
3,1,4,0,1,-0.36459,531
3,1,4,0,2,0.51036,596
3,1,4,0,3,0.28227,325
3,1,4,0,4,-0.09803,2164
3,1,4,1,0,-1.11525,6543
3,1,4,1,1,-1.05097,7062
3,1,4,1,2,-1.00308,6877
3,1,4,1,3,-1.11986,5825
3,1,4,1,4,-0.14307,27358
3,1,4,2,0,-0.87262,14031
3,1,4,2,1,1.45848,15418
3,1,4,2,2,0.08411,15155
3,1,4,2,3,-0.12307,12437
3,1,4,2,4,3.17569,67397
3,1,4,3,0,-0.91010,25828
3,1,4,3,1,-0.10928,26794
3,1,4,3,2,-0.99507,28777
3,1,4,3,3,0.19384,21600
3,1,4,3,4,-0.84653,116852
3,2,0,0,0,1.49921,5
3,2,0,0,1,0.94382,0
3,2,0,0,2,0.79358,0
3,2,0,0,3,0.94841,0
3,2,0,0,4,1.50193,22
3,2,0,1,0,1.71034,23
3,2,0,1,1,0.68105,1
3,2,0,1,2,1.28828,2
3,2,0,1,3,0.03409,0
3,2,0,1,4,2.91754,128
3,2,0,2,0,2.26694,91
3,2,0,2,1,3.76571,12
3,2,0,2,2,3.80861,31
3,2,0,2,3,3.94894,25
3,2,0,2,4,4.07428,225
3,2,0,3,0,3.42311,236
3,2,0,3,1,3.45017,53
3,2,0,3,2,4.19054,48
3,2,0,3,3,3.15888,65
3,2,0,3,4,3.65584,956
3,2,1,0,0,0.09119,0
3,2,1,0,1,0.46908,1
3,2,1,0,2,0.31879,0
3,2,1,0,3,0.57709,20
3,2,1,0,4,0.76233,3
3,2,1,1,0,4.24610,22
3,2,1,1,1,3.87580,25
3,2,1,1,2,4.09940,30
3,2,1,1,3,1.41652,113
3,2,1,1,4,3.93551,332
3,2,1,2,0,3.33081,87
3,2,1,2,1,3.51497,75
3,2,1,2,2,3.40347,85
3,2,1,2,3,4.05191,183
3,2,1,2,4,3.79456,848
3,2,1,3,0,1.62710,165
3,2,1,3,1,4.12143,179
3,2,1,3,2,4.10729,167
3,2,1,3,3,4.58508,235
3,2,1,3,4,3.72646,2164
3,2,2,0,0,1.13484,75
3,2,2,0,1,-0.64465,17
3,2,2,0,2,-0.75097,417
3,2,2,0,3,-0.59278,40
3,2,2,0,4,-0.55727,42
3,2,2,1,0,0.49713,2029
3,2,2,1,1,2.44913,197
3,2,2,1,2,0.24085,7208
3,2,2,1,3,0.99035,221
3,2,2,1,4,1.18064,954
3,2,2,2,0,0.49378,5634
3,2,2,2,1,2.96108,695
3,2,2,2,2,-0.47807,9865
3,2,2,2,3,0.87241,377
3,2,2,2,4,0.64145,2215
3,2,2,3,0,1.46259,12702
3,2,2,3,1,2.39202,1273
3,2,2,3,2,-0.46626,30363
3,2,2,3,3,0.60599,764
3,2,2,3,4,0.64918,4122
3,2,3,0,0,-0.72173,11
3,2,3,0,1,-0.70297,33
3,2,3,0,2,-0.70846,45
3,2,3,0,3,-0.85848,60
3,2,3,0,4,0.31197,53
3,2,3,1,0,-0.98664,374
3,2,3,1,1,-1.01318,1167
3,2,3,1,2,-0.93193,818
3,2,3,1,3,-0.98841,398
3,2,3,1,4,0.06507,1046
3,2,3,2,0,0.47966,613
3,2,3,2,1,-0.87359,4480
3,2,3,2,2,-0.86403,1377
3,2,3,2,3,1.00210,806
3,2,3,2,4,0.37920,2353
3,2,3,3,0,1.22517,1714
3,2,3,3,1,2.17939,7746
3,2,3,3,2,0.72861,3542
3,2,3,3,3,0.64077,1944
3,2,3,3,4,1.50617,5499
3,2,4,0,0,1.13341,19
3,2,4,0,1,0.38351,26
3,2,4,0,2,1.86739,39
3,2,4,0,3,0.10531,27
3,2,4,0,4,1.05506,71
3,2,4,1,0,-0.97988,342
3,2,4,1,1,-0.98659,304
3,2,4,1,2,3.24347,593
3,2,4,1,3,-0.98050,323
3,2,4,1,4,0.58756,1967
3,2,4,2,0,0.75552,875
3,2,4,2,1,-0.41518,980
3,2,4,2,2,3.01736,1329
3,2,4,2,3,-0.92346,818
3,2,4,2,4,2.61777,4575
3,2,4,3,0,0.15483,2013
3,2,4,3,1,-0.41603,2055
3,2,4,3,2,1.19094,3249
3,2,4,3,3,-0.06925,1829
3,2,4,3,4,0.72648,8944
3,3,0,0,0,0.27113,0
3,3,0,0,1,0.52154,0
3,3,0,0,2,0.23471,0
3,3,0,0,3,1.22836,1
3,3,0,0,4,0.75017,0
3,3,0,1,0,0.38213,0
3,3,0,1,1,0.11489,0
3,3,0,1,2,1.39447,2
3,3,0,1,3,1.58616,122
3,3,0,1,4,1.08000,7
3,3,0,2,0,0.39242,0
3,3,0,2,1,0.86123,0
3,3,0,2,2,0.36385,0
3,3,0,2,3,2.14592,259
3,3,0,2,4,0.75156,0
3,3,0,3,0,0.83190,0
3,3,0,3,1,1.54241,7
3,3,0,3,2,0.14729,0
3,3,0,3,3,2.65681,351
3,3,0,3,4,0.15850,7
3,3,1,0,0,0.71656,0
3,3,1,0,1,0.82772,0
3,3,1,0,2,0.78195,0
3,3,1,0,3,0.80667,0
3,3,1,0,4,0.20272,0
3,3,1,1,0,0.73262,0
3,3,1,1,1,1.53685,6
3,3,1,1,2,0.70531,0
3,3,1,1,3,0.05116,0
3,3,1,1,4,0.23201,0
3,3,1,2,0,0.15268,0
3,3,1,2,1,0.97776,0
3,3,1,2,2,0.54068,0
3,3,1,2,3,0.23475,0
3,3,1,2,4,0.95450,0
3,3,1,3,0,0.40937,0
3,3,1,3,1,1.34741,34
3,3,1,3,2,0.46316,0
3,3,1,3,3,0.43096,0
3,3,1,3,4,1.30742,5
3,3,2,0,0,0.24689,25
3,3,2,0,1,0.08862,0
3,3,2,0,2,0.24390,0
3,3,2,0,3,0.15292,41
3,3,2,0,4,0.24911,0
3,3,2,1,0,0.20272,412
3,3,2,1,1,0.63280,0
3,3,2,1,2,2.04845,8
3,3,2,1,3,0.01787,904
3,3,2,1,4,1.84056,35
3,3,2,2,0,3.23272,36
3,3,2,2,1,0.92434,0
3,3,2,2,2,0.71592,0
3,3,2,2,3,0.43322,0
3,3,2,2,4,0.09360,2
3,3,2,3,0,0.75059,475
3,3,2,3,1,0.36724,0
3,3,2,3,2,3.29626,13
3,3,2,3,3,1.39258,909
3,3,2,3,4,-0.26598,128
3,3,3,0,0,0.41360,0
3,3,3,0,1,0.32476,0
3,3,3,0,2,-0.16190,11
3,3,3,0,3,0.70211,15
3,3,3,0,4,0.30997,0
3,3,3,1,0,-0.50918,10
3,3,3,1,1,-0.44309,7
3,3,3,1,2,-0.69449,28
3,3,3,1,3,-0.36990,105
3,3,3,1,4,-0.47889,6
3,3,3,2,0,0.21775,0
3,3,3,2,1,0.05521,0
3,3,3,2,2,-0.97637,6
3,3,3,2,3,0.52088,0
3,3,3,2,4,0.63357,0
3,3,3,3,0,0.81510,16
3,3,3,3,1,-0.62896,5
3,3,3,3,2,0.63968,38
3,3,3,3,3,1.54145,106
3,3,3,3,4,0.58935,0
3,3,4,0,0,0.09540,0
3,3,4,0,1,0.80659,0
3,3,4,0,2,0.07231,0
3,3,4,0,3,0.97999,0
3,3,4,0,4,0.03953,0
3,3,4,1,0,0.17101,0
3,3,4,1,1,-0.49457,5
3,3,4,1,2,0.21639,3
3,3,4,1,3,0.21051,18
3,3,4,1,4,0.23549,15
3,3,4,2,0,0.74759,1
3,3,4,2,1,-0.13571,3
3,3,4,2,2,-0.35364,3
3,3,4,2,3,-0.48792,7
3,3,4,2,4,0.67503,7
3,3,4,3,0,0.10126,0
3,3,4,3,1,0.74241,0
3,3,4,3,2,2.67007,8
3,3,4,3,3,2.52453,9
3,3,4,3,4,2.60991,24
4,0,0,0,0,0.70476,0
4,0,0,0,1,0.45870,0
4,0,0,0,2,0.26860,0
4,0,0,0,3,0.85601,0
4,0,0,0,4,0.34989,0
4,0,0,1,0,0.51212,2
4,0,0,1,1,0.61351,0
4,0,0,1,2,0.33206,0
4,0,0,1,3,1.36230,15
4,0,0,1,4,0.62736,3
4,0,0,2,0,-0.04706,6
4,0,0,2,1,0.10655,5
4,0,0,2,2,2.66731,2
4,0,0,2,3,2.12239,34
4,0,0,2,4,0.63864,0
4,0,0,3,0,-0.65614,5
4,0,0,3,1,0.08410,0
4,0,0,3,2,3.70017,12
4,0,0,3,3,-0.39079,39
4,0,0,3,4,0.93192,3
4,0,1,0,0,0.89208,0
4,0,1,0,1,0.05809,0
4,0,1,0,2,0.56729,0
4,0,1,0,3,0.46958,0
4,0,1,0,4,0.44970,0
4,0,1,1,0,0.60899,141
4,0,1,1,1,1.57603,21
4,0,1,1,2,1.18527,13
4,0,1,1,3,0.65101,9
4,0,1,1,4,0.79497,27
4,0,1,2,0,2.60606,603
4,0,1,2,1,1.66224,98
4,0,1,2,2,0.98045,66
4,0,1,2,3,0.69140,27
4,0,1,2,4,0.79783,228
4,0,1,3,0,0.94954,819
4,0,1,3,1,-0.13041,112
4,0,1,3,2,-0.19245,58
4,0,1,3,3,1.50712,78
4,0,1,3,4,1.20134,209
4,0,2,0,0,0.28147,0
4,0,2,0,1,0.34787,0
4,0,2,0,2,0.07351,0
4,0,2,0,3,0.74595,0
4,0,2,0,4,0.10910,0
4,0,2,1,0,-0.39081,88
4,0,2,1,1,1.16471,150
4,0,2,1,2,-0.34470,48
4,0,2,1,3,-0.41930,782
4,0,2,1,4,2.03213,209
4,0,2,2,0,2.21245,523
4,0,2,2,1,-0.57962,429
4,0,2,2,2,-0.46412,314
4,0,2,2,3,-0.59809,4593
4,0,2,2,4,-0.59593,1004
4,0,2,3,0,-0.79495,722
4,0,2,3,1,-0.69414,613
4,0,2,3,2,-0.77781,451
4,0,2,3,3,-0.83185,6095
4,0,2,3,4,0.22875,1177
4,0,3,0,0,0.23848,0
4,0,3,0,1,0.43115,0
4,0,3,0,2,0.81635,0
4,0,3,0,3,0.01211,0
4,0,3,0,4,0.66105,0
4,0,3,1,0,0.35315,80
4,0,3,1,1,0.48513,124
4,0,3,1,2,-0.07711,443
4,0,3,1,3,0.06512,71
4,0,3,1,4,0.62155,255
4,0,3,2,0,-0.30519,483
4,0,3,2,1,1.10170,645
4,0,3,2,2,0.44623,3059
4,0,3,2,3,1.27578,492
4,0,3,2,4,1.60883,1646
4,0,3,3,0,0.02224,547
4,0,3,3,1,0.34063,854
4,0,3,3,2,1.18500,4432
4,0,3,3,3,0.64067,604
4,0,3,3,4,1.49132,2123
4,0,4,0,0,0.82148,0
4,0,4,0,1,0.70909,0
4,0,4,0,2,-0.16274,4
4,0,4,0,3,0.47375,0
4,0,4,0,4,0.95302,0
4,0,4,1,0,-0.95817,497
4,0,4,1,1,-0.92201,509
4,0,4,1,2,-0.83411,742
4,0,4,1,3,-1.03065,449
4,0,4,1,4,1.16789,1801
4,0,4,2,0,0.34513,3352
4,0,4,2,1,0.39659,3061
4,0,4,2,2,-0.00900,3395
4,0,4,2,3,1.18595,2921
4,0,4,2,4,1.31580,9880
4,0,4,3,0,0.81545,4869
4,0,4,3,1,1.10402,4370
4,0,4,3,2,-0.90932,4875
4,0,4,3,3,-0.67266,3798
4,0,4,3,4,0.81414,14039
4,1,0,0,0,1.20313,7
4,1,0,0,1,1.11504,6
4,1,0,0,2,1.20491,23
4,1,0,0,3,1.46560,1
4,1,0,0,4,2.01198,38
4,1,0,1,0,2.38861,32
4,1,0,1,1,3.52150,39
4,1,0,1,2,3.73488,2357
4,1,0,1,3,2.63262,271
4,1,0,1,4,3.96249,1076
4,1,0,2,0,1.70003,144
4,1,0,2,1,2.88761,331
4,1,0,2,2,3.50010,12527
4,1,0,2,3,2.70238,1118
4,1,0,2,4,3.75971,6662
4,1,0,3,0,2.85360,194
4,1,0,3,1,3.71395,383
4,1,0,3,2,3.78937,19955
4,1,0,3,3,4.03505,1184
4,1,0,3,4,4.28520,13159
4,1,1,0,0,-0.84324,28
4,1,1,0,1,-0.81795,35
4,1,1,0,2,-0.81977,102
4,1,1,0,3,-0.84132,55
4,1,1,0,4,-0.76016,628
4,1,1,1,0,3.21625,1427
4,1,1,1,1,2.98077,2385
4,1,1,1,2,3.13747,1218
4,1,1,1,3,3.13956,492
4,1,1,1,4,3.65402,18741
4,1,1,2,0,3.06712,3382
4,1,1,2,1,3.21820,7112
4,1,1,2,2,3.11550,2391
4,1,1,2,3,3.35130,1597
4,1,1,2,4,2.83778,63474
4,1,1,3,0,1.74414,6065
4,1,1,3,1,2.54430,12181
4,1,1,3,2,2.29423,4792
4,1,1,3,3,2.71587,2334
4,1,1,3,4,3.10159,131383
4,1,2,0,0,-0.95332,421
4,1,2,0,1,0.37800,501
4,1,2,0,2,-0.96504,927
4,1,2,0,3,-0.96462,246
4,1,2,0,4,-0.96822,2148
4,1,2,1,0,-0.79384,9348
4,1,2,1,1,0.69926,9295
4,1,2,1,2,1.66808,9728
4,1,2,1,3,2.75005,4924
4,1,2,1,4,0.61346,54556
4,1,2,2,0,3.40753,20424
4,1,2,2,1,1.77637,27280
4,1,2,2,2,3.10662,19385
4,1,2,2,3,3.23849,10204
4,1,2,2,4,2.08973,203989
4,1,2,3,0,2.56686,42752
4,1,2,3,1,0.38109,40939
4,1,2,3,2,2.14603,42107
4,1,2,3,3,1.54916,15671
4,1,2,3,4,2.58498,392847
4,1,3,0,0,-0.58053,201
4,1,3,0,1,-0.40887,355
4,1,3,0,2,0.87933,1879
4,1,3,0,3,-0.82888,232
4,1,3,0,4,1.12731,1757
4,1,3,1,0,-0.97100,4323
4,1,3,1,1,-0.97511,9063
4,1,3,1,2,-0.69095,31416
4,1,3,1,3,-0.85903,4024
4,1,3,1,4,1.06714,48100
4,1,3,2,0,3.94790,11825
4,1,3,2,1,1.97112,29347
4,1,3,2,2,3.15821,116428
4,1,3,2,3,-0.29877,12708
4,1,3,2,4,3.31030,201865
4,1,3,3,0,0.66531,18910
4,1,3,3,1,0.94722,47238
4,1,3,3,2,1.59614,209782
4,1,3,3,3,2.74232,18436
4,1,3,3,4,1.83244,341588
4,1,4,0,0,-0.78790,939
4,1,4,0,1,-1.00869,1142
4,1,4,0,2,0.64509,2480
4,1,4,0,3,0.95156,844
4,1,4,0,4,2.49937,4781
4,1,4,1,0,-1.05067,19545
4,1,4,1,1,-0.98802,21089
4,1,4,1,2,-0.55879,35189
4,1,4,1,3,-0.99306,17329
4,1,4,1,4,0.53135,136435
4,1,4,2,0,0.03244,63081
4,1,4,2,1,0.55565,67867
4,1,4,2,2,1.99571,102620
4,1,4,2,3,-0.50518,56163
4,1,4,2,4,3.33794,619636
4,1,4,3,0,-0.50610,108019
4,1,4,3,1,2.73734,116021
4,1,4,3,2,1.34132,195451
4,1,4,3,3,0.08679,92596
4,1,4,3,4,1.53509,994726
4,2,0,0,0,0.25042,0
4,2,0,0,1,3.52964,15
4,2,0,0,2,0.33827,0
4,2,0,0,3,0.56796,0
4,2,0,0,4,0.38530,0
4,2,0,1,0,0.66724,0
4,2,0,1,1,2.75524,2674
4,2,0,1,2,4.24012,63
4,2,0,1,3,3.56722,17
4,2,0,1,4,3.98514,47
4,2,0,2,0,3.98803,38
4,2,0,2,1,3.84882,8028
4,2,0,2,2,3.98834,191
4,2,0,2,3,2.25481,21
4,2,0,2,4,3.95250,112
4,2,0,3,0,2.81724,96
4,2,0,3,1,3.77963,13423
4,2,0,3,2,3.98454,299
4,2,0,3,3,3.51765,115
4,2,0,3,4,3.89097,316
4,2,1,0,0,-0.13437,18
4,2,1,0,1,-0.12607,5
4,2,1,0,2,0.31316,2
4,2,1,0,3,-0.06303,37
4,2,1,0,4,1.09692,36
4,2,1,1,0,3.48161,359
4,2,1,1,1,3.55323,58
4,2,1,1,2,3.46905,299
4,2,1,1,3,3.14814,406
4,2,1,1,4,3.60963,439
4,2,1,2,0,1.60992,441
4,2,1,2,1,2.95912,125
4,2,1,2,2,4.35087,440
4,2,1,2,3,2.53735,549
4,2,1,2,4,4.76048,634
4,2,1,3,0,4.13250,1309
4,2,1,3,1,-0.14381,290
4,2,1,3,2,4.17701,1533
4,2,1,3,3,3.78465,1621
4,2,1,3,4,2.89696,2038
4,2,2,0,0,-0.55750,73
4,2,2,0,1,-0.19580,16
4,2,2,0,2,2.42690,272
4,2,2,0,3,0.13702,154
4,2,2,0,4,-0.20981,64
4,2,2,1,0,3.44619,3260
4,2,2,1,1,1.47561,456
4,2,2,1,2,3.03839,5619
4,2,2,1,3,0.25156,1705
4,2,2,1,4,2.87269,2228
4,2,2,2,0,3.31167,5922
4,2,2,2,1,2.33749,984
4,2,2,2,2,1.86545,7495
4,2,2,2,3,3.68086,2191
4,2,2,2,4,3.86986,5249
4,2,2,3,0,2.10620,13782
4,2,2,3,1,1.90893,1906
4,2,2,3,2,1.25024,24743
4,2,2,3,3,4.00790,5932
4,2,2,3,4,1.45145,13692
4,2,3,0,0,-0.48751,73
4,2,3,0,1,-0.64996,52
4,2,3,0,2,3.05214,538
4,2,3,0,3,-0.45859,40
4,2,3,0,4,3.47413,219
4,2,3,1,0,-0.80503,1418
4,2,3,1,1,-0.84370,2747
4,2,3,1,2,0.12223,8340
4,2,3,1,3,-0.96188,560
4,2,3,1,4,0.74099,6828
4,2,3,2,0,1.45405,2343
4,2,3,2,1,2.55125,7546
4,2,3,2,2,3.80521,12311
4,2,3,2,3,2.53896,1155
4,2,3,2,4,3.59653,14091
4,2,3,3,0,1.50312,5678
4,2,3,3,1,3.40180,14656
4,2,3,3,2,2.34754,36308
4,2,3,3,3,0.97563,2361
4,2,3,3,4,2.09261,37047
4,2,4,0,0,1.43776,458
4,2,4,0,1,-0.49411,494
4,2,4,0,2,0.05977,853
4,2,4,0,3,-0.26533,332
4,2,4,0,4,0.66279,1890
4,2,4,1,0,-1.03035,9744
4,2,4,1,1,-1.03992,9862
4,2,4,1,2,-0.75676,15073
4,2,4,1,3,-0.90719,8303
4,2,4,1,4,0.76128,95565
4,2,4,2,0,0.18493,318924
4,2,4,2,1,0.17825,47285
4,2,4,2,2,0.24657,53746
4,2,4,2,3,-0.66637,41288
4,2,4,2,4,0.05522,487366
4,2,4,3,0,-0.45139,58793
4,2,4,3,1,-0.57156,56811
4,2,4,3,2,0.39824,88635
4,2,4,3,3,3.12099,49246
4,2,4,3,4,0.91763,622752
4,3,0,0,0,0.06176,0
4,3,0,0,1,0.95526,0
4,3,0,0,2,0.49433,0
4,3,0,0,3,0.19437,0
4,3,0,0,4,0.24962,0
4,3,0,1,0,1.06526,4
4,3,0,1,1,2.67851,53
4,3,0,1,2,0.54748,0
4,3,0,1,3,0.22926,0
4,3,0,1,4,1.37207,7
4,3,0,2,0,0.42088,0
4,3,0,2,1,1.75410,133
4,3,0,2,2,0.27361,0
4,3,0,2,3,0.05525,0
4,3,0,2,4,0.04047,0
4,3,0,3,0,1.51078,2
4,3,0,3,1,3.97361,264
4,3,0,3,2,1.58752,3
4,3,0,3,3,1.52361,3
4,3,0,3,4,3.31698,8
4,3,1,0,0,0.18234,0
4,3,1,0,1,0.66232,0
4,3,1,0,2,0.35969,0
4,3,1,0,3,0.54788,0
4,3,1,0,4,0.02994,0
4,3,1,1,0,0.25952,0
4,3,1,1,1,2.48163,9
4,3,1,1,2,0.40301,0
4,3,1,1,3,0.35438,0
4,3,1,1,4,1.29475,6
4,3,1,2,0,0.17142,0
4,3,1,2,1,0.78624,0
4,3,1,2,2,0.83633,0
4,3,1,2,3,0.79197,0
4,3,1,2,4,0.11913,0
4,3,1,3,0,0.23594,0
4,3,1,3,1,4.08472,11
4,3,1,3,2,0.05859,0
4,3,1,3,3,0.65236,0
4,3,1,3,4,0.27108,0
4,3,2,0,0,2.45395,61
4,3,2,0,1,0.08263,0
4,3,2,0,2,0.16164,0
4,3,2,0,3,0.21097,0
4,3,2,0,4,0.39502,0
4,3,2,1,0,2.34175,985
4,3,2,1,1,0.40678,0
4,3,2,1,2,1.78736,4
4,3,2,1,3,0.33025,0
4,3,2,1,4,0.37595,0
4,3,2,2,0,1.83183,34
4,3,2,2,1,0.82800,0
4,3,2,2,2,0.08864,0
4,3,2,2,3,0.14818,0
4,3,2,2,4,1.25821,2
4,3,2,3,0,3.24997,1039
4,3,2,3,1,1.41077,5
4,3,2,3,2,2.62928,14
4,3,2,3,3,1.35309,5
4,3,2,3,4,0.89382,1
4,3,3,0,0,0.76634,39
4,3,3,0,1,0.88338,6
4,3,3,0,2,0.68861,46
4,3,3,0,3,0.33366,0
4,3,3,0,4,0.84779,2
4,3,3,1,0,-0.58414,417
4,3,3,1,1,-0.46870,185
4,3,3,1,2,2.36910,731
4,3,3,1,3,-0.51795,5
4,3,3,1,4,0.23364,60
4,3,3,2,0,1.13919,13
4,3,3,2,1,3.52262,3
4,3,3,2,2,1.12571,7
4,3,3,2,3,0.63836,0
4,3,3,2,4,0.03518,0
4,3,3,3,0,2.73207,510
4,3,3,3,1,2.88562,252
4,3,3,3,2,3.82860,754
4,3,3,3,3,-0.13712,3
4,3,3,3,4,2.32593,71
4,3,4,0,0,-0.58106,117
4,3,4,0,1,-0.51241,149
4,3,4,0,2,0.02208,183
4,3,4,0,3,0.00654,111
4,3,4,0,4,0.01657,425
4,3,4,1,0,-0.78010,2799
4,3,4,1,1,-0.77463,4255
4,3,4,1,2,-0.77567,3068
4,3,4,1,3,-0.77460,2968
4,3,4,1,4,-0.57466,32064
4,3,4,2,0,-0.57729,4357
4,3,4,2,1,-0.57389,5660
4,3,4,2,2,-0.00281,3984
4,3,4,2,3,-0.54583,4432
4,3,4,2,4,-0.00211,50421
4,3,4,3,0,-0.21108,11962
4,3,4,3,1,-0.15973,14339
4,3,4,3,2,0.00379,11528
4,3,4,3,3,-0.11540,10448
4,3,4,3,4,0.66222,129793
