2.0208250417594096
-0.7523092258765492
-0.8892749195283836
-1.4124965907286584
1.4479564196073222
-1.661613867913509
2.14169572935976
-0.6893846035093745
0.23171341262087927
2.372677792485605
-0.7010060310533416
-2.2242871389202494
-2.2190773514068383
2.521352318905666
0.2525764495653912
1.050732384702424
-3.844881723053653
-0.028245903956593314
-2.202589378961343
0.11718134364172314
-0.7224418677274207
3.412120430966669
-0.03363971546970988
-3.13019005576201
2.496421516424644
0.5046781334104757
-0.7970979959026228
-0.6660143450272422
-1.1984296335649434
-0.6424952403015047
-3.5290593902543907
3.562005622720364
-0.25646314482296734
-2.1286389171532165
-2.86279673004051
-1.4648009860685878
3.486530248376633
3.8402396376369525
4.211659069326412
0.615096460061252
0.8951510222112535
3.648812897289057
-0.2806944184059173
0.9005598156779748
-1.548839785710406
0.29668404868873066
-0.9546487022512764
2.9613485385258222
1.963084163155824
0.7031933758130529
0.6413465961386237
3.8704917147569953
1.6485016476072492
1.0939321203368169
-0.980506047416587
4.542775458290041
2.811794760217212
1.6222471631262905
2.3135282225634453
-3.2540356831067054
-1.0415598564933728
-2.009913015846398
2.0093131968453872
3.20528185986054
-1.3937993254045187
-0.3342059334978881
-1.1492440914653324
-1.7160490882318296
-0.049245977619568435
-2.3783767555521274
-4.034183266248078
-2.2877967220274105
1.7697596166173588
-3.360825236229506
1.773554175432363
-3.9514274940717917
1.4636073985050997
-1.808217276587971
-1.782184539926376
0.23672640212500412
0.23093147233321631
-4.180415511246775
5.341083662613066
-0.06761628536656746
-1.0447928597792169
1.4666091834113948
-2.477047445687433
-2.192341325379265
-0.7882325548548955
-0.3975797379483648
5.305948830411355
-0.15179956595093258
0.163302158257284
0.32679501253120186
0.627592949417959
-4.704314810498897
0.3270845686119311
-2.2602967677934345
-2.874598448203325
0.16491625626004136
-3.2950286294304703
6.127031847568141
-1.3753542957370894
2.3387328960062486
0.14469132592019518
0.2655964510395188
-0.19630939093430727
1.1051821361631602
-2.912104471005867
2.154419374533446
-0.0427933701156253
3.0384626550696723
1.325201027812622
-0.9167112957691839
0.039597790086784615
-2.5815023596511826
0.2908367410194967
1.957589884643204
-1.837244179168514
4.070821933418382
-4.798298386798374
-4.038278994233435
-2.852862324022806
3.3566818146330846
3.702351948513963
3.24576113892619
-4.6820657215316785
-3.3394833627887435
3.4840439444274653
3.3827710721478326
-1.066412911955973
-3.1658162932200056
-6.08015083131267
1.016748738041033
1.7663288247513191
2.43079943645075
3.021886812976865
4.4570734039819575
-2.190215752053847
-3.1645839296517546
1.159080626409414
