0.3748952176204445
-0.422219131354647
-0.19860279402948228
-0.630969118937377
-4.1842894272530105
3.2710853886336233
1.107002416859074
-0.0507878072024738
1.3670226026152055
-0.717687630912986
-1.3714905447368404
-1.2524544203969887
5.950947821614207
-0.4868450505502498
3.6476823651652546
-2.103048069034678
-2.8240094403700193
1.3524245037141134
-0.6164867846908529
-2.762084457736561
0.23548864065324832
-1.0929118407824991
-0.7165001653976287
-3.1079540795083145
2.074221648851904
2.1247509541217457
2.098761410641706
1.040374696172014
3.7529527941691234
0.910268482895858
-0.19360056712007598
-0.4008872353752245
-1.8901408915409565
0.5681697080741955
-0.9524629490522484
0.9764606201266647
0.3571497962421207
0.6449936533752649
-1.2582941110741561
-0.4986396591174102
-2.6919715234973483
0.7430098021450757
-0.6500976352041143
3.498710501299765
-0.5350483794416665
-4.428006044330956
-3.1753257727854605
1.7478516005599551
2.234997926832333
-1.9887028857009872
0.2950099962750356
-2.0336313424867885
0.6466004514023372
-1.055325279941463
1.6222955750477905
0.6582124903037376
-0.2790641335085178
-2.999993649958468
-0.2910257240122515
0.5551172592487505
0.2644105157713662
-0.4233926932229134
1.3829356392605998
-1.8251171970705564
0.9740495440320429
-0.8563552694950501
-0.6444734292605104
0.7770269171842498
-0.6979846200227827
-0.658485469068377
1.3362147632084025
-1.4723434142263
0.6259546973281177
1.2382979516548973
0.5425594703449984
2.3045148260117405
3.193107918553794
-3.57189992931323
2.856701504499677
2.2560815214534595
-0.20532021926355404
1.2270065916276218
-1.5505855172511516
0.14215132309821332
-2.6541765878659973
2.8738267696688045
-0.06224843916409364
-3.3799637763934585
0.09449303063405538
0.8165153393382684
0.536919995089559
2.165389255302438
-0.9400582092044074
-1.5426016584735183
2.028676394524782
-2.0589817274518603
1.477136924988682
2.0263576417021882
0.9547743430428923
-1.015792708562898
-1.4199208107553698
0.46174860159217374
-3.4604915817891224
1.3131612139753006
-2.346952980825767
1.5177736723894657
2.6959990868249055
-0.05671230562559471
-3.596429304541872
2.525038143202113
-0.19506199282637893
-1.9194517631853836
1.1689086644811284
2.2297996319695828
0.9579373771022565
-5.059074547601338
-0.7987692270172043
0.58407049213052
-2.1738398013036857
-2.418378131123081
0.4428880724991961
0.12461446413751502
-1.1547153193062716
2.3067907468321986
4.26106388541341
-2.2733373005360247
-0.5721832322702892
-2.2543578902630568
0.928178831600276
3.08216281815798
1.5734868838447145
0.5340762231923808
3.0871923851937786
-1.5983742690714413
0.4628031832175259
3.0779913461351858
-0.85337981211818
1.2428080429771335
-1.9044887363960596
0.3875369712906612
0.06817611222548482
3.7223177378677907
-1.7750915882863307
1.0435765748867782
-2.461624945539291
2.8823689184386656
-0.31181497126264723
2.32828915305705
2.965182629589434
2.6892038399683633
0.22252940873672677
0.13862884092445232
0.5459460891223902
-1.2768528841317046
-0.16021519748426685
1.897838591789852
0.1656727805900921
0.8914761931668312
-1.8287043200977628
0.8970455160723048
1.1773624048190936
1.0665200526800136
-0.9638055098378149
-3.8656342413060667
-3.5827070229563214
1.290396221043739
-1.3672912149033434
-0.19719410678730073
1.0336163347472345
1.8508769619970429
-0.5452398591241329
-3.8552004339371577
1.4205411997482307
-2.2274987780320834
0.002512736733991867
-1.059270663674346
0.0032282814932528747
0.43455673802616335
-0.9107549211997931
0.34582987917741365
0.6208650609263222
5.09709079886573
2.456877851338761
-2.066473157029608
-1.5252399138346122
1.138215272140177
-3.0906682331396964
-3.777111243329619
1.930929141172263
3.2046128412068993
3.3809598295813523
1.57992687738003
-6.0129057571116045
4.157750866749975
-3.602578776744624
-1.7038382247736479
-1.2250806254343802
-3.131968459861918
-0.9210939914317878
-1.790603856871106
-0.3641179638137176
-3.109052867046957
-3.19686850059836
-3.858398191547307
-1.0497960569424996
-2.245579500823836
2.330965123411889
2.9768468114017934
2.3934462954185425
2.2605981069949017
0.4216867907076282
